 myTidyData <- read.table("tidydata.txt",header=TRUE,stringsAsFactors = FALSE)
> View(myTidyData)
> myTidyData
    subject       activityName activityNum timeBodyAccelerometer.MEAN...X
1         1             LAYING           6                      0.2215982
2         1            SITTING           4                      0.2612376
3         1           STANDING           5                      0.2789176
4         1            WALKING           1                      0.2773308
5         1 WALKING_DOWNSTAIRS           3                      0.2891883
6         1   WALKING_UPSTAIRS           2                      0.2554617
7         2             LAYING           6                      0.2813734
8         2            SITTING           4                      0.2770874
9         2           STANDING           5                      0.2779115
10        2            WALKING           1                      0.2764266
11        2 WALKING_DOWNSTAIRS           3                      0.2776153
12        2   WALKING_UPSTAIRS           2                      0.2471648
13        3             LAYING           6                      0.2755169
14        3            SITTING           4                      0.2571976
    timeBodyAccelerometer.MEAN...Y timeBodyAccelerometer.MEAN...Z
1                     -0.040513953                    -0.11320355
2                     -0.001308288                    -0.10454418
3                     -0.016137590                    -0.11060182
4                     -0.017383819                    -0.11114810
5                     -0.009918505                    -0.10756619
6                     -0.023953149                    -0.09730200
7                     -0.018158740                    -0.10724561
8                     -0.015687994                    -0.10921827
9                     -0.018420827                    -0.10590854
10                    -0.018594920                    -0.10550036
11                    -0.022661416                    -0.11681294
12                    -0.021412113                    -0.15251390
13                    -0.018955679                    -0.10130048
14                    -0.003502998                    -0.09835792
    timeBodyAccelerometer.SD...X timeBodyAccelerometer.SD...Y
1                   -0.928056469                 -0.836827406
2                   -0.977229008                 -0.922618642
3                   -0.995759902                 -0.973190056
4                   -0.283740259                  0.114461337
5                    0.030035338                 -0.031935943
6                   -0.354708025                 -0.002320265
7                   -0.974059465                 -0.980277399
8                   -0.986822280                 -0.950704499
9                   -0.987271889                 -0.957304989
10                  -0.423642838                 -0.078091253
11                   0.046366681                  0.262881789
12                  -0.304376406                  0.108027280
13                  -0.982776639                 -0.962057545
14                  -0.971010121                 -0.856617812
    timeBodyAccelerometer.SD...Z timeGravityAccelerometer.MEAN...X
1                    -0.82606140                        -0.2488818
2                    -0.93958629                         0.8315099
3                    -0.97977588                         0.9429520
4                    -0.26002790                         0.9352232
5                    -0.23043421                         0.9318744
6                    -0.01947924                         0.8933511
7                    -0.98423330                        -0.5097542
8                    -0.95982817                         0.9404773
9                    -0.94974185                         0.8969286
10                   -0.42525752                         0.9130173
11                   -0.10283791                         0.8618313
12                   -0.11212102                         0.7907174
13                   -0.96369103                        -0.2417585
14                   -0.87511018                         0.9010990
    timeGravityAccelerometer.MEAN...Y timeGravityAccelerometer.MEAN...Z
1                         0.705549773                       0.445817720
2                         0.204411593                       0.332043703
3                        -0.272983832                       0.013490582
4                        -0.282165021                      -0.068102864
5                        -0.266610339                      -0.062119959
6                        -0.362153364                      -0.075402940
7                         0.752536639                       0.646834880
8                        -0.105630024                       0.198726769
9                        -0.370062697                       0.129747161
10                       -0.346607090                       0.084727087
11                       -0.325780101                      -0.043889016
12                       -0.416214890                      -0.195888239
13                        0.837032100                       0.488703185
14                        0.127303379                       0.139020582
    timeGravityAccelerometer.SD...X timeGravityAccelerometer.SD...Y
1                        -0.8968300                      -0.9077200
2                        -0.9684571                      -0.9355171
3                        -0.9937630                      -0.9812260
4                        -0.9766096                      -0.9713060
5                        -0.9505598                      -0.9370187
6                        -0.9563670                      -0.9528492
7                        -0.9590144                      -0.9882119
8                        -0.9799888                      -0.9567503
9                        -0.9866858                      -0.9741944
10                       -0.9726932                      -0.9721169
11                       -0.9403618                      -0.9400685
12                       -0.9344077                      -0.9237675
13                       -0.9825122                      -0.9812027
14                       -0.9573245                      -0.9039230
    timeGravityAccelerometer.SD...Z timeBodyAccelerometerJerk.MEAN...X
1                        -0.8523663                         0.08108653
2                        -0.9490409                         0.07748252
3                        -0.9763241                         0.07537665
4                        -0.9477172                         0.07404163
5                        -0.8959397                         0.05415532
6                        -0.9123794                         0.10137273
7                        -0.9842304                         0.08259725
8                        -0.9544159                         0.07225644
9                        -0.9459271                         0.07475886
10                       -0.9720728                         0.06180807
11                       -0.9314383                         0.11004062
12                       -0.8780041                         0.07445078
13                       -0.9648075                         0.07698111
14                       -0.8977363                         0.07260984
    timeBodyAccelerometerJerk.MEAN...Y timeBodyAccelerometerJerk.MEAN...Z
1                         3.838204e-03                       1.083424e-02
2                        -6.191028e-04                      -3.367792e-03
3                         7.975731e-03                      -3.685250e-03
4                         2.827211e-02                      -4.168406e-03
5                         2.965045e-02                      -1.097197e-02
6                         1.948631e-02                      -4.556254e-02
7                         1.225479e-02                      -1.802649e-03
8                         1.169545e-02                       7.605469e-03
9                         1.032918e-02                      -8.371588e-03
10                        1.824927e-02                       7.895337e-03
11                       -3.279591e-03                      -2.093517e-02
12                       -9.709855e-03                       1.948144e-02
13                        1.380410e-02                      -4.356259e-03
14                        2.725291e-03                      -4.233484e-03
    timeBodyAccelerometerJerk.SD...X timeBodyAccelerometerJerk.SD...Y
1                       -0.958482112                     -0.924149274
2                       -0.986430711                     -0.981371965
3                       -0.994604542                     -0.985648732
4                       -0.113615602                      0.067002501
5                       -0.012283861                     -0.101601391
6                       -0.446843888                     -0.378274426
7                       -0.985872169                     -0.983172541
8                       -0.988055854                     -0.977983955
9                       -0.981085716                     -0.971059440
10                      -0.277530463                     -0.016602236
11                       0.147249143                      0.126828015
12                      -0.276121886                     -0.185648954
13                      -0.980879315                     -0.968710725
14                      -0.974467390                     -0.953631391
    timeBodyAccelerometerJerk.SD...Z timeBodyGyroscope.MEAN...X
1                        -0.95485511              -0.0165530940
2                        -0.98791080              -0.0453500565
3                        -0.99225118              -0.0239877348
4                        -0.50269979              -0.0418309635
5                        -0.34573503              -0.0350781903
6                        -0.70659353               0.0505493798
7                        -0.98844201              -0.0184766067
8                        -0.98751821              -0.0454706620
9                        -0.98284145              -0.0238623876
10                       -0.58609042              -0.0530258157
11                       -0.34012202              -0.1159473529
12                       -0.57374635              -0.0576912635
13                       -0.98209316              -0.0208170540
14                       -0.97466157              -0.0385365205
    timeBodyGyroscope.MEAN...Y timeBodyGyroscope.MEAN...Z timeBodyGyroscope.SD...X
1                 -0.064486124               0.1486894363               -0.8735439
2                 -0.091924155               0.0629313812               -0.9772113
3                 -0.059397221               0.0748007510               -0.9871919
4                 -0.069530046               0.0849448173               -0.4735355
5                 -0.090937129               0.0900850142               -0.4580305
6                 -0.166170015               0.0583595464               -0.5448711
7                 -0.111800825               0.1448828461               -0.9882752
8                 -0.059928680               0.0412277462               -0.9857420
9                 -0.082039658               0.0878351695               -0.9729986
10                -0.048238232               0.0828336633               -0.5615503
11                -0.004823292               0.0971738089               -0.3207892
12                -0.032088310               0.0688374022               -0.4392531
13                -0.071850716               0.1379995611               -0.9745458
14                -0.075241003               0.0940113976               -0.9654348
    timeBodyGyroscope.SD...Y timeBodyGyroscope.SD...Z
1               -0.951090440              -0.90828466
2               -0.966473895              -0.94142592
3               -0.987734440              -0.98064563
4               -0.054607769              -0.34426663
5               -0.126349195              -0.12470245
6                0.004105184              -0.50716867
7               -0.982291609              -0.96030656
8               -0.978919527              -0.95980371
9               -0.971441996              -0.96485670
10              -0.538453668              -0.48108554
11              -0.415739145              -0.27941839
12              -0.466298337              -0.16399579
13              -0.977272654              -0.96350561
14              -0.944854571              -0.92641371
    timeBodyGyroscopeJerk.MEAN...X timeBodyGyroscopeJerk.MEAN...Y
1                      -0.10727095                    -0.04151729
2                      -0.09367938                    -0.04021181
3                      -0.09960921                    -0.04406279
4                      -0.08999754                    -0.03984287
5                      -0.07395920                    -0.04399028
6                      -0.12223277                    -0.04214859
7                      -0.10197413                    -0.03585902
8                      -0.09363284                    -0.04156020
9                      -0.10556216                    -0.04224195
10                     -0.08188334                    -0.05382994
11                     -0.05810385                    -0.04214703
12                     -0.08288580                    -0.04240537
13                     -0.10004450                    -0.03897718
14                     -0.10360589                    -0.03609099
    timeBodyGyroscopeJerk.MEAN...Z timeBodyGyroscopeJerk.SD...X
1                     -0.074050121                  -0.91860852
2                     -0.046702627                  -0.99173159
3                     -0.048950547                  -0.99294511
4                     -0.046130930                  -0.20742185
5                     -0.027046106                  -0.48702734
6                     -0.040712553                  -0.61478651
7                     -0.070178302                  -0.99323585
8                     -0.043585097                  -0.98970902
9                     -0.054653948                  -0.97932400
10                    -0.051493916                  -0.38954983
11                    -0.071022982                  -0.24394059
12                    -0.044515748                  -0.46485436
13                    -0.068733870                  -0.98032865
14                    -0.059007997                  -0.97254691
    timeBodyGyroscopeJerk.SD...Y timeBodyGyroscopeJerk.SD...Z
1                    -0.96790724                 -0.957790160
2                    -0.98951807                 -0.987935806
3                    -0.99513792                 -0.992108467
4                    -0.30446851                 -0.404255453
5                    -0.23882483                 -0.268761480
6                    -0.60169666                 -0.606332002
7                    -0.98956754                 -0.988035821
8                    -0.99088961                 -0.985542326
9                    -0.98344726                 -0.973610118
10                   -0.63414044                 -0.435492677
11                   -0.46939670                 -0.218266319
12                   -0.64549134                 -0.467595961
13                   -0.98676274                 -0.983338280
14                   -0.97863591                 -0.973751671
    timeBodyAccelerometerMagnitude.MEAN.. timeBodyAccelerometerMagnitude.SD..
1                           -0.8419291525                         -0.79514486
2                           -0.9485367862                         -0.92707842
3                           -0.9842782074                         -0.98194293
4                           -0.1369711766                         -0.21968865
5                            0.0271882914                          0.01988435
6                           -0.1299276307                         -0.32497093
7                           -0.9774354852                         -0.97287391
8                           -0.9678936239                         -0.95308144
9                           -0.9658751813                         -0.95787497
10                          -0.2904075937                         -0.42254417
11                           0.0899511205                          0.21558633
12                          -0.1073226795                         -0.20597705
13                          -0.9727913461                         -0.96421818
14                          -0.8953833502                         -0.87030170
    timeGravityAccelerometerMagnitude.MEAN..
1                              -0.8419291525
2                              -0.9485367862
3                              -0.9842782074
4                              -0.1369711766
5                               0.0271882914
6                              -0.1299276307
7                              -0.9774354852
8                              -0.9678936239
9                              -0.9658751813
10                             -0.2904075937
11                              0.0899511205
12                             -0.1073226795
13                             -0.9727913461
14                             -0.8953833502
    timeGravityAccelerometerMagnitude.SD..
1                              -0.79514486
2                              -0.92707842
3                              -0.98194293
4                              -0.21968865
5                               0.01988435
6                              -0.32497093
7                              -0.97287391
8                              -0.95308144
9                              -0.95787497
10                             -0.42254417
11                              0.21558633
12                             -0.20597705
13                             -0.96421818
14                             -0.87030170
    timeBodyAccelerometerJerkMagnitude.MEAN..
1                                -0.954396265
2                                -0.987364196
3                                -0.992367791
4                                -0.141428809
5                                -0.089447481
6                                -0.466503446
7                                -0.987741696
8                                -0.986774713
9                                -0.980489077
10                               -0.281424154
11                                0.005655163
12                               -0.321268911
13                               -0.979484593
14                               -0.969080753
    timeBodyAccelerometerJerkMagnitude.SD.. timeBodyGyroscopeMagnitude.MEAN..
1                               -0.92824563                      -0.874759548
2                               -0.98412002                      -0.930892490
3                               -0.99309621                      -0.976493793
4                               -0.07447175                      -0.160979553
5                               -0.02578772                      -0.075741254
6                               -0.47899162                      -0.126735590
7                               -0.98551808                      -0.950011570
8                               -0.98447587                      -0.946035087
9                               -0.97667528                      -0.963466342
10                              -0.16415099                      -0.446549093
11                               0.22961719                      -0.162188587
12                              -0.21738939                      -0.219713473
13                              -0.97612130                      -0.951564751
14                              -0.96655008                      -0.919354372
    timeBodyGyroscopeMagnitude.SD.. timeBodyGyroscopeJerkMagnitude.MEAN..
1                       -0.81901017                           -0.96346103
2                       -0.93453184                           -0.99197634
3                       -0.97869003                           -0.99496679
4                       -0.18697836                           -0.29870368
5                       -0.22572437                           -0.29546384
6                       -0.14861932                           -0.59488287
7                       -0.96116405                           -0.99176707
8                       -0.96131362                           -0.99108149
9                       -0.95394338                           -0.98395190
10                      -0.55301992                           -0.54791195
11                      -0.27484411                           -0.41087267
12                      -0.37753217                           -0.57281644
13                      -0.95427511                           -0.98671363
14                      -0.92551810                           -0.97799805
    timeBodyGyroscopeJerkMagnitude.SD.. frequencyBodyAccelerometer.MEAN...X
1                           -0.93584098                         -0.93909905
2                           -0.98830873                         -0.97964124
3                           -0.99473324                         -0.99524993
4                           -0.32532488                         -0.20279431
5                           -0.30651065                          0.03822918
6                           -0.64855304                         -0.40432178
7                           -0.98971810                         -0.97672506
8                           -0.98959492                         -0.98580384
9                           -0.97720443                         -0.98394674
10                          -0.55779815                         -0.34604816
11                          -0.34318788                          0.11284116
12                          -0.59729172                         -0.26672093
13                          -0.98313926                         -0.98066561
14                          -0.97677268                         -0.97015444
    frequencyBodyAccelerometer.MEAN...Y frequencyBodyAccelerometer.MEAN...Z
1                          -0.867065205                         -0.88266688
2                          -0.944084550                         -0.95918489
3                          -0.977070848                         -0.98529710
4                           0.089712726                         -0.33156012
5                           0.001549908                         -0.22557447
6                          -0.190976721                         -0.43334970
7                          -0.979800878                         -0.98438098
8                          -0.957343498                         -0.97016217
9                          -0.959871697                         -0.96247120
10                         -0.021904810                         -0.45380637
11                          0.278345042                         -0.13129077
12                          0.009924459                         -0.28100199
13                         -0.961169983                         -0.96833214
14                         -0.891907751                         -0.91798793
    frequencyBodyAccelerometer.SD...X frequencyBodyAccelerometer.SD...Y
1                        -0.924437435                      -0.833625556
2                        -0.976412313                      -0.917275006
3                        -0.996028345                      -0.972293102
4                        -0.319134720                       0.056040007
5                         0.024330839                      -0.112963740
6                        -0.337428189                       0.021769511
7                        -0.973246482                      -0.981025106
8                        -0.987362090                      -0.950073754
9                        -0.989056470                      -0.957908842
10                       -0.457651384                      -0.169219686
11                        0.016104620                       0.171973973
12                       -0.320582414                       0.084880279
13                       -0.983691129                      -0.964094604
14                       -0.971605878                      -0.849655658
    frequencyBodyAccelerometer.SD...Z frequencyBodyAccelerometerJerk.MEAN...X
1                         -0.81289156                            -0.957073884
2                         -0.93446956                            -0.986597023
3                         -0.97793726                            -0.994630797
4                         -0.27968675                            -0.170546965
5                         -0.29792789                            -0.027663868
6                          0.08595655                            -0.479875246
7                         -0.98479218                            -0.985813631
8                         -0.95686286                            -0.987848794
9                         -0.94643358                            -0.980973242
10                        -0.45522215                            -0.304615323
11                        -0.16203289                             0.138120681
12                        -0.09454498                            -0.258639440
13                        -0.96327908                            -0.980513202
14                        -0.86432246                            -0.974950363
    frequencyBodyAccelerometerJerk.MEAN...Y
1                              -0.922462610
2                              -0.981579467
3                              -0.985418705
4                              -0.035225524
5                              -0.128667158
6                              -0.413444588
7                              -0.982768250
8                              -0.977139703
9                              -0.970851338
10                             -0.078764084
11                              0.096209161
12                             -0.187842132
13                             -0.968752114
14                             -0.954170151
    frequencyBodyAccelerometerJerk.MEAN...Z frequencyBodyAccelerometerJerk.SD...X
1                               -0.94806090                          -0.964160709
2                               -0.98605309                          -0.987492994
3                               -0.99075217                          -0.995073759
4                               -0.46899922                          -0.133586606
5                               -0.28833474                          -0.086327897
6                               -0.68547435                          -0.461907026
7                               -0.98619713                          -0.987250256
8                               -0.98512905                          -0.989459107
9                               -0.97977515                          -0.983007924
10                              -0.55495671                          -0.314313063
11                              -0.27149872                           0.049959062
12                              -0.52272806                          -0.365415441
13                              -0.97912234                          -0.983122616
14                              -0.97084567                          -0.976283535
    frequencyBodyAccelerometerJerk.SD...Y frequencyBodyAccelerometerJerk.SD...Z
1                            -0.932217870                          -0.960586987
2                            -0.982513910                          -0.988339185
3                            -0.987018227                          -0.992349818
4                             0.106739857                          -0.534713440
5                            -0.134580009                          -0.401721464
6                            -0.381777065                          -0.726040201
7                            -0.984987393                          -0.989345369
8                            -0.980804228                          -0.988570804
9                            -0.973520241                          -0.984599905
10                           -0.015332952                          -0.615898188
11                            0.080833349                          -0.408227423
12                           -0.243554147                          -0.625090981
13                           -0.971044013                          -0.983711905
14                           -0.956461757                          -0.977159572
    frequencyBodyGyroscope.MEAN...X frequencyBodyGyroscope.MEAN...Y
1                       -0.85024917                     -0.95219149
2                       -0.97616146                     -0.97583859
3                       -0.98638679                     -0.98898446
4                       -0.33903220                     -0.10305942
5                       -0.35244963                     -0.05570225
6                       -0.49261167                     -0.31947461
7                       -0.98643114                     -0.98332164
8                       -0.98262139                     -0.98210092
9                       -0.96703711                     -0.97257615
10                      -0.42971354                     -0.55477211
11                      -0.14577597                     -0.36191382
12                      -0.33164358                     -0.48808612
13                      -0.97016726                     -0.97809968
14                      -0.95755064                     -0.95617355
    frequencyBodyGyroscope.MEAN...Z frequencyBodyGyroscope.SD...X
1                       -0.90930272                    -0.8822965
2                       -0.95131554                    -0.9779042
3                       -0.98077312                    -0.9874971
4                       -0.25594094                    -0.5166919
5                       -0.03186943                    -0.4954225
6                       -0.45359721                    -0.5658925
7                       -0.96267189                    -0.9888607
8                       -0.95981482                    -0.9868085
9                       -0.96062770                    -0.9749881
10                      -0.39665991                    -0.6040530
11                      -0.08749447                    -0.3794367
12                      -0.24860112                    -0.4763588
13                      -0.96234196                    -0.9759864
14                      -0.93496796                    -0.9680131
    frequencyBodyGyroscope.SD...Y frequencyBodyGyroscope.SD...Z
1                     -0.95123205                   -0.91658251
2                     -0.96234504                   -0.94391784
3                     -0.98710773                   -0.98234533
4                     -0.03350816                   -0.43656223
5                     -0.18141473                   -0.23844357
6                      0.15153891                   -0.57170784
7                     -0.98191062                   -0.96317422
8                     -0.97735619                   -0.96352266
9                     -0.97103605                   -0.96975430
10                    -0.53304695                   -0.55985664
11                    -0.45873275                   -0.42298767
12                    -0.45975849                   -0.21807247
13                    -0.97703250                   -0.96725685
14                    -0.93960999                   -0.93063315
    frequencyBodyAccelerometerMagnitude.MEAN..
1                                 -0.861767648
2                                 -0.947782923
3                                 -0.985356361
4                                 -0.128623451
5                                  0.096584534
6                                 -0.352395945
7                                 -0.975110196
8                                 -0.961273748
9                                 -0.964052166
10                                -0.324289428
11                                 0.293424827
12                                -0.145318539
13                                -0.965524275
14                                -0.904185726
    frequencyBodyAccelerometerMagnitude.SD..
1                              -0.7983009404
2                              -0.9284448017
3                              -0.9823138047
4                              -0.3980325868
5                              -0.1865303011
6                              -0.4162601015
7                              -0.9751213879
8                              -0.9555756022
9                              -0.9605193815
10                             -0.5771052117
11                             -0.0214787882
12                             -0.3667282438
13                             -0.9683502174
14                             -0.8746265921
    frequencyBodyAccelerometerJerkMagnitude.MEAN..
1                                    -0.9333003608
2                                    -0.9852621268
3                                    -0.9925424775
4                                    -0.0571194000
5                                     0.0262184949
6                                    -0.4426521625
7                                    -0.9853741148
8                                    -0.9838746989
9                                    -0.9770652956
10                                   -0.1690643528
11                                    0.2222474096
12                                   -0.1895111369
13                                   -0.9759495979
14                                   -0.9658888917
    frequencyBodyAccelerometerJerkMagnitude.SD..
1                                    -0.92180398
2                                    -0.98160618
3                                    -0.99253600
4                                    -0.10349240
5                                    -0.10405226
6                                    -0.53305985
7                                    -0.98456849
8                                    -0.98412419
9                                    -0.97516046
10                                   -0.16409197
11                                    0.22748073
12                                   -0.26042384
13                                   -0.97530538
14                                   -0.96656885
    frequencyBodyGyroscopeMagnitude.MEAN.. frequencyBodyGyroscopeMagnitude.SD..
1                            -0.8621901854                          -0.82431944
2                            -0.9584355894                          -0.93219837
3                            -0.9846176234                          -0.97846607
4                            -0.1992525690                          -0.32101795
5                            -0.1857202857                          -0.39835039
6                            -0.3259614574                          -0.18298552
7                            -0.9721129727                          -0.96109838
8                            -0.9718405961                          -0.96138575
9                            -0.9617759048                          -0.95678873
10                           -0.5307048147                          -0.65179284
11                           -0.3208385436                          -0.37257676
12                           -0.4506121848                          -0.43862040
13                           -0.9645867248                          -0.95544186
14                           -0.9466649437                          -0.92544963
    frequencyBodyGyroscopeJerkMagnitude.MEAN..
1                                  -0.94236695
2                                  -0.98979755
3                                  -0.99481538
4                                  -0.31930859
5                                  -0.28196336
6                                  -0.63466508
7                                  -0.99024870
8                                  -0.98986195
9                                  -0.97784983
10                                 -0.58324929
11                                 -0.38017531
12                                 -0.60079850
13                                 -0.98427825
14                                 -0.97789811
    frequencyBodyGyroscopeJerkMagnitude.SD..
1                                -0.93266067
2                                -0.98704962
3                                -0.99467112
4                                -0.38160191
5                                -0.39191988
6                                -0.69393052
7                                -0.98949266
8                                -0.98963291
9                                -0.97775430
10                               -0.55810455
11                               -0.34369899
12                               -0.62182020
13                               -0.98256816
14                               -0.97668980
 [ reached getOption("max.print") -- omitted 166 rows ]